######## Input parameters ###########################################
#	seed: fixed as 12345
#	flow cycle: 100
#	repeat: 200000

#	nucleotide composition probabilities	cumulative
#	a	0.333300	0.333300
#	b	0.090900	0.424200
#	c	0.432900	0.857100
#	d	0.142900	1.000000

#	nucleotide incorporation probabilities	cumulative
#	a	0	0.109091	0.109091
#	a	1	0.500000	0.609091
#	a	2	0.300000	0.909091
#	a	3	0.090909	1.000000

#	b	0	0.316667	0.316667
#	b	1	0.250000	0.566667
#	b	2	0.333333	0.900000
#	b	3	0.100000	1.000000

#	c	0	0.646032	0.646032
#	c	1	0.142857	0.788889
#	c	2	0.100000	0.888889
#	c	3	0.111111	1.000000

#	d	0	0.425000	0.425000
#	d	1	0.200000	0.625000
#	d	2	0.250000	0.875000
#	d	3	0.125000	1.000000

#####################################################################
######## Theoretical results of sequence length distribution ########
	Avg	73.723121	Var	47.473634
######## Simulation results of sequence length distribution #########
	Avg	73.725865	Var	47.576015
#####################################################################

######### base counts 
#	a	4980236
#	b	1359332
#	c	6467995
#	d	2137610

######### length distribution########################################
n	abcd_count	abcd_frac	a_count	a_frac	b_count	b_frac	c_count	c_frac	d_count	d_frac
0	0.000000	0.000000	0.000000	0.000000	0.000000	0.000000	0.000000	0.000000	0.000000	0.000000	
1	0.000000	0.000000	0.000000	0.000000	0.000000	0.000000	0.000000	0.000000	0.000000	0.000000	
2	0.000000	0.000000	0.000000	0.000000	0.000000	0.000000	0.000000	0.000000	0.000000	0.000000	
3	0.000000	0.000000	0.000000	0.000000	0.000000	0.000000	0.000000	0.000000	0.000000	0.000000	
4	0.000000	0.000000	0.000000	0.000000	0.000000	0.000000	0.000000	0.000000	0.000000	0.000000	
5	0.000000	0.000000	0.000000	0.000000	0.000000	0.000000	0.000000	0.000000	0.000000	0.000000	
6	0.000000	0.000000	0.000000	0.000000	0.000000	0.000000	0.000000	0.000000	0.000000	0.000000	
7	0.000000	0.000000	0.000000	0.000000	0.000000	0.000000	0.000000	0.000000	0.000000	0.000000	
8	0.000000	0.000000	0.000000	0.000000	0.000000	0.000000	0.000000	0.000000	0.000000	0.000000	
9	0.000000	0.000000	0.000000	0.000000	0.000000	0.000000	0.000000	0.000000	0.000000	0.000000	
10	0.000000	0.000000	0.000000	0.000000	0.000000	0.000000	0.000000	0.000000	0.000000	0.000000	
11	0.000000	0.000000	0.000000	0.000000	0.000000	0.000000	0.000000	0.000000	0.000000	0.000000	
12	0.000000	0.000000	0.000000	0.000000	0.000000	0.000000	0.000000	0.000000	0.000000	0.000000	
13	0.000000	0.000000	0.000000	0.000000	0.000000	0.000000	0.000000	0.000000	0.000000	0.000000	
14	0.000000	0.000000	0.000000	0.000000	0.000000	0.000000	0.000000	0.000000	0.000000	0.000000	
15	0.000000	0.000000	0.000000	0.000000	0.000000	0.000000	0.000000	0.000000	0.000000	0.000000	
16	0.000000	0.000000	0.000000	0.000000	0.000000	0.000000	0.000000	0.000000	0.000000	0.000000	
17	0.000000	0.000000	0.000000	0.000000	0.000000	0.000000	0.000000	0.000000	0.000000	0.000000	
18	0.000000	0.000000	0.000000	0.000000	0.000000	0.000000	0.000000	0.000000	0.000000	0.000000	
19	0.000000	0.000000	0.000000	0.000000	0.000000	0.000000	0.000000	0.000000	0.000000	0.000000	
20	0.000000	0.000000	0.000000	0.000000	0.000000	0.000000	0.000000	0.000000	0.000000	0.000000	
21	0.000000	0.000000	0.000000	0.000000	0.000000	0.000000	0.000000	0.000000	0.000000	0.000000	
22	0.000000	0.000000	0.000000	0.000000	0.000000	0.000000	0.000000	0.000000	0.000000	0.000000	
23	0.000000	0.000000	0.000000	0.000000	0.000000	0.000000	0.000000	0.000000	0.000000	0.000000	
24	0.000000	0.000000	0.000000	0.000000	0.000000	0.000000	0.000000	0.000000	0.000000	0.000000	
25	0.000000	0.000000	0.000000	0.000000	0.000000	0.000000	0.000000	0.000000	0.000000	0.000000	
26	0.000000	0.000000	0.000000	0.000000	0.000000	0.000000	0.000000	0.000000	0.000000	0.000000	
27	0.000000	0.000000	0.000000	0.000000	0.000000	0.000000	0.000000	0.000000	0.000000	0.000000	
28	0.000000	0.000000	0.000000	0.000000	0.000000	0.000000	0.000000	0.000000	0.000000	0.000000	
29	0.000000	0.000000	0.000000	0.000000	0.000000	0.000000	0.000000	0.000000	0.000000	0.000000	
30	0.000000	0.000000	0.000000	0.000000	0.000000	0.000000	0.000000	0.000000	0.000000	0.000000	
31	0.000000	0.000000	0.000000	0.000000	0.000000	0.000000	0.000000	0.000000	0.000000	0.000000	
32	0.000000	0.000000	0.000000	0.000000	0.000000	0.000000	0.000000	0.000000	0.000000	0.000000	
33	0.000000	0.000000	0.000000	0.000000	0.000000	0.000000	0.000000	0.000000	0.000000	0.000000	
34	0.000000	0.000000	0.000000	0.000000	0.000000	0.000000	0.000000	0.000000	0.000000	0.000000	
35	0.000000	0.000000	0.000000	0.000000	0.000000	0.000000	0.000000	0.000000	0.000000	0.000000	
36	0.000000	0.000000	0.000000	0.000000	0.000000	0.000000	0.000000	0.000000	0.000000	0.000000	
37	0.000000	0.000000	0.000000	0.000000	0.000000	0.000000	0.000000	0.000000	0.000000	0.000000	
38	0.000000	0.000000	0.000000	0.000000	0.000000	0.000000	0.000000	0.000000	0.000000	0.000000	
39	0.000000	0.000000	0.000000	0.000000	0.000000	0.000000	0.000000	0.000000	0.000000	0.000000	
40	0.000000	0.000000	0.000000	0.000000	0.000000	0.000000	0.000000	0.000000	0.000000	0.000000	
41	0.000000	0.000000	0.000000	0.000000	0.000000	0.000000	0.000000	0.000000	0.000000	0.000000	
42	0.000000	0.000000	0.000000	0.000000	0.000000	0.000000	0.000000	0.000000	0.000000	0.000000	
43	0.000000	0.000000	0.000000	0.000000	0.000000	0.000000	0.000000	0.000000	0.000000	0.000000	
44	0.000000	0.000000	0.000000	0.000000	0.000000	0.000000	0.000000	0.000000	0.000000	0.000000	
45	0.000000	0.000000	0.000000	0.000000	0.000000	0.000000	0.000000	0.000000	0.000000	0.000000	
46	0.000000	0.000000	0.000000	0.000000	0.000000	0.000000	0.000000	0.000000	0.000000	0.000000	
47	0.000000	0.000000	0.000000	0.000000	0.000000	0.000000	0.000000	0.000000	0.000000	0.000000	
48	2.000000	0.000010	0.000000	0.000000	0.000000	0.000000	2.000000	0.000010	0.000000	0.000000	
49	4.000000	0.000020	2.000000	0.000010	1.000000	0.000005	1.000000	0.000005	0.000000	0.000000	
50	4.000000	0.000020	1.000000	0.000005	0.000000	0.000000	1.000000	0.000005	2.000000	0.000010	
51	11.000000	0.000055	8.000000	0.000040	1.000000	0.000005	0.000000	0.000000	2.000000	0.000010	
52	27.000000	0.000135	9.000000	0.000045	4.000000	0.000020	8.000000	0.000040	6.000000	0.000030	
53	45.000000	0.000225	16.000000	0.000080	3.000000	0.000015	21.000000	0.000105	5.000000	0.000025	
54	91.000000	0.000455	31.000000	0.000155	9.000000	0.000045	34.000000	0.000170	17.000000	0.000085	
55	159.000000	0.000795	40.000000	0.000200	14.000000	0.000070	57.000000	0.000285	48.000000	0.000240	
56	246.000000	0.001230	64.000000	0.000320	25.000000	0.000125	100.000000	0.000500	57.000000	0.000285	
57	459.000000	0.002295	136.000000	0.000680	46.000000	0.000230	201.000000	0.001005	76.000000	0.000380	
58	688.000000	0.003440	224.000000	0.001120	82.000000	0.000410	263.000000	0.001315	119.000000	0.000595	
59	956.000000	0.004780	277.000000	0.001385	110.000000	0.000550	384.000000	0.001920	185.000000	0.000925	
60	1407.000000	0.007035	417.000000	0.002085	168.000000	0.000840	559.000000	0.002795	263.000000	0.001315	
61	1931.000000	0.009655	526.000000	0.002630	202.000000	0.001010	817.000000	0.004085	386.000000	0.001930	
62	2714.000000	0.013570	720.000000	0.003600	272.000000	0.001360	1182.000000	0.005910	540.000000	0.002700	
63	3658.000000	0.018290	982.000000	0.004910	354.000000	0.001770	1593.000000	0.007965	729.000000	0.003645	
64	4516.000000	0.022580	1209.000000	0.006045	470.000000	0.002350	1951.000000	0.009755	886.000000	0.004430	
65	5461.000000	0.027305	1445.000000	0.007225	517.000000	0.002585	2400.000000	0.012000	1099.000000	0.005495	
66	6695.000000	0.033475	1790.000000	0.008950	588.000000	0.002940	3020.000000	0.015100	1297.000000	0.006485	
67	7805.000000	0.039025	2162.000000	0.010810	768.000000	0.003840	3428.000000	0.017140	1447.000000	0.007235	
68	8795.000000	0.043975	2324.000000	0.011620	850.000000	0.004250	3909.000000	0.019545	1712.000000	0.008560	
69	9881.000000	0.049405	2627.000000	0.013135	952.000000	0.004760	4488.000000	0.022440	1814.000000	0.009070	
70	10612.000000	0.053060	2705.000000	0.013525	1040.000000	0.005200	4837.000000	0.024185	2030.000000	0.010150	
71	11303.000000	0.056515	2914.000000	0.014570	1082.000000	0.005410	5070.000000	0.025350	2237.000000	0.011185	
72	11353.000000	0.056765	2765.000000	0.013825	1106.000000	0.005530	5261.000000	0.026305	2221.000000	0.011105	
73	11612.000000	0.058060	2907.000000	0.014535	1069.000000	0.005345	5328.000000	0.026640	2308.000000	0.011540	
74	11585.000000	0.057925	2880.000000	0.014400	1074.000000	0.005370	5375.000000	0.026875	2256.000000	0.011280	
75	11221.000000	0.056105	2784.000000	0.013920	1000.000000	0.005000	5259.000000	0.026295	2178.000000	0.010890	
76	10299.000000	0.051495	2497.000000	0.012485	942.000000	0.004710	4774.000000	0.023870	2086.000000	0.010430	
77	9865.000000	0.049325	2372.000000	0.011860	857.000000	0.004285	4751.000000	0.023755	1885.000000	0.009425	
78	8906.000000	0.044530	2161.000000	0.010805	772.000000	0.003860	4197.000000	0.020985	1776.000000	0.008880	
79	8120.000000	0.040600	1971.000000	0.009855	694.000000	0.003470	3810.000000	0.019050	1645.000000	0.008225	
80	7154.000000	0.035770	1775.000000	0.008875	575.000000	0.002875	3385.000000	0.016925	1419.000000	0.007095	
81	6166.000000	0.030830	1436.000000	0.007180	534.000000	0.002670	2953.000000	0.014765	1243.000000	0.006215	
82	5293.000000	0.026465	1268.000000	0.006340	471.000000	0.002355	2461.000000	0.012305	1093.000000	0.005465	
83	4364.000000	0.021820	972.000000	0.004860	386.000000	0.001930	2113.000000	0.010565	893.000000	0.004465	
84	3635.000000	0.018175	847.000000	0.004235	299.000000	0.001495	1756.000000	0.008780	733.000000	0.003665	
85	3036.000000	0.015180	692.000000	0.003460	235.000000	0.001175	1475.000000	0.007375	634.000000	0.003170	
86	2366.000000	0.011830	528.000000	0.002640	200.000000	0.001000	1161.000000	0.005805	477.000000	0.002385	
87	1822.000000	0.009110	400.000000	0.002000	146.000000	0.000730	922.000000	0.004610	354.000000	0.001770	
88	1485.000000	0.007425	327.000000	0.001635	101.000000	0.000505	753.000000	0.003765	304.000000	0.001520	
89	1157.000000	0.005785	243.000000	0.001215	107.000000	0.000535	605.000000	0.003025	202.000000	0.001010	
90	835.000000	0.004175	170.000000	0.000850	81.000000	0.000405	421.000000	0.002105	163.000000	0.000815	
91	609.000000	0.003045	142.000000	0.000710	33.000000	0.000165	302.000000	0.001510	132.000000	0.000660	
92	461.000000	0.002305	102.000000	0.000510	36.000000	0.000180	226.000000	0.001130	97.000000	0.000485	
93	342.000000	0.001710	74.000000	0.000370	15.000000	0.000075	176.000000	0.000880	77.000000	0.000385	
94	258.000000	0.001290	65.000000	0.000325	18.000000	0.000090	128.000000	0.000640	47.000000	0.000235	
95	182.000000	0.000910	33.000000	0.000165	17.000000	0.000085	90.000000	0.000450	42.000000	0.000210	
96	121.000000	0.000605	28.000000	0.000140	2.000000	0.000010	68.000000	0.000340	23.000000	0.000115	
97	82.000000	0.000410	15.000000	0.000075	6.000000	0.000030	40.000000	0.000200	21.000000	0.000105	
98	64.000000	0.000320	15.000000	0.000075	0.000000	0.000000	33.000000	0.000165	16.000000	0.000080	
99	47.000000	0.000235	13.000000	0.000065	5.000000	0.000025	17.000000	0.000085	12.000000	0.000060	
100	27.000000	0.000135	7.000000	0.000035	1.000000	0.000005	14.000000	0.000070	5.000000	0.000025	
101	17.000000	0.000085	6.000000	0.000030	0.000000	0.000000	9.000000	0.000045	2.000000	0.000010	
102	17.000000	0.000085	2.000000	0.000010	1.000000	0.000005	9.000000	0.000045	5.000000	0.000025	
103	11.000000	0.000055	2.000000	0.000010	0.000000	0.000000	4.000000	0.000020	5.000000	0.000025	
104	6.000000	0.000030	1.000000	0.000005	2.000000	0.000010	2.000000	0.000010	1.000000	0.000005	
105	3.000000	0.000015	0.000000	0.000000	0.000000	0.000000	1.000000	0.000005	2.000000	0.000010	
106	2.000000	0.000010	1.000000	0.000005	0.000000	0.000000	1.000000	0.000005	0.000000	0.000000	
107	3.000000	0.000015	0.000000	0.000000	0.000000	0.000000	2.000000	0.000010	1.000000	0.000005	
108	3.000000	0.000015	0.000000	0.000000	1.000000	0.000005	2.000000	0.000010	0.000000	0.000000	
109	0.000000	0.000000	0.000000	0.000000	0.000000	0.000000	0.000000	0.000000	0.000000	0.000000	
110	0.000000	0.000000	0.000000	0.000000	0.000000	0.000000	0.000000	0.000000	0.000000	0.000000	
111	1.000000	0.000005	1.000000	0.000005	0.000000	0.000000	0.000000	0.000000	0.000000	0.000000	
112	0.000000	0.000000	0.000000	0.000000	0.000000	0.000000	0.000000	0.000000	0.000000	0.000000	
113	0.000000	0.000000	0.000000	0.000000	0.000000	0.000000	0.000000	0.000000	0.000000	0.000000	
114	0.000000	0.000000	0.000000	0.000000	0.000000	0.000000	0.000000	0.000000	0.000000	0.000000	
115	0.000000	0.000000	0.000000	0.000000	0.000000	0.000000	0.000000	0.000000	0.000000	0.000000	
116	0.000000	0.000000	0.000000	0.000000	0.000000	0.000000	0.000000	0.000000	0.000000	0.000000	
117	0.000000	0.000000	0.000000	0.000000	0.000000	0.000000	0.000000	0.000000	0.000000	0.000000	
118	0.000000	0.000000	0.000000	0.000000	0.000000	0.000000	0.000000	0.000000	0.000000	0.000000	
119	0.000000	0.000000	0.000000	0.000000	0.000000	0.000000	0.000000	0.000000	0.000000	0.000000	
120	0.000000	0.000000	0.000000	0.000000	0.000000	0.000000	0.000000	0.000000	0.000000	0.000000	
121	0.000000	0.000000	0.000000	0.000000	0.000000	0.000000	0.000000	0.000000	0.000000	0.000000	
122	0.000000	0.000000	0.000000	0.000000	0.000000	0.000000	0.000000	0.000000	0.000000	0.000000	
123	0.000000	0.000000	0.000000	0.000000	0.000000	0.000000	0.000000	0.000000	0.000000	0.000000	
124	0.000000	0.000000	0.000000	0.000000	0.000000	0.000000	0.000000	0.000000	0.000000	0.000000	
125	0.000000	0.000000	0.000000	0.000000	0.000000	0.000000	0.000000	0.000000	0.000000	0.000000	
126	0.000000	0.000000	0.000000	0.000000	0.000000	0.000000	0.000000	0.000000	0.000000	0.000000	
127	0.000000	0.000000	0.000000	0.000000	0.000000	0.000000	0.000000	0.000000	0.000000	0.000000	
128	0.000000	0.000000	0.000000	0.000000	0.000000	0.000000	0.000000	0.000000	0.000000	0.000000	
129	0.000000	0.000000	0.000000	0.000000	0.000000	0.000000	0.000000	0.000000	0.000000	0.000000	
130	0.000000	0.000000	0.000000	0.000000	0.000000	0.000000	0.000000	0.000000	0.000000	0.000000	
131	0.000000	0.000000	0.000000	0.000000	0.000000	0.000000	0.000000	0.000000	0.000000	0.000000	
132	0.000000	0.000000	0.000000	0.000000	0.000000	0.000000	0.000000	0.000000	0.000000	0.000000	
133	0.000000	0.000000	0.000000	0.000000	0.000000	0.000000	0.000000	0.000000	0.000000	0.000000	
134	0.000000	0.000000	0.000000	0.000000	0.000000	0.000000	0.000000	0.000000	0.000000	0.000000	
135	0.000000	0.000000	0.000000	0.000000	0.000000	0.000000	0.000000	0.000000	0.000000	0.000000	
136	0.000000	0.000000	0.000000	0.000000	0.000000	0.000000	0.000000	0.000000	0.000000	0.000000	
137	0.000000	0.000000	0.000000	0.000000	0.000000	0.000000	0.000000	0.000000	0.000000	0.000000	
138	0.000000	0.000000	0.000000	0.000000	0.000000	0.000000	0.000000	0.000000	0.000000	0.000000	
139	0.000000	0.000000	0.000000	0.000000	0.000000	0.000000	0.000000	0.000000	0.000000	0.000000	
140	0.000000	0.000000	0.000000	0.000000	0.000000	0.000000	0.000000	0.000000	0.000000	0.000000	
141	0.000000	0.000000	0.000000	0.000000	0.000000	0.000000	0.000000	0.000000	0.000000	0.000000	
142	0.000000	0.000000	0.000000	0.000000	0.000000	0.000000	0.000000	0.000000	0.000000	0.000000	
143	0.000000	0.000000	0.000000	0.000000	0.000000	0.000000	0.000000	0.000000	0.000000	0.000000	
144	0.000000	0.000000	0.000000	0.000000	0.000000	0.000000	0.000000	0.000000	0.000000	0.000000	
145	0.000000	0.000000	0.000000	0.000000	0.000000	0.000000	0.000000	0.000000	0.000000	0.000000	
146	0.000000	0.000000	0.000000	0.000000	0.000000	0.000000	0.000000	0.000000	0.000000	0.000000	
147	0.000000	0.000000	0.000000	0.000000	0.000000	0.000000	0.000000	0.000000	0.000000	0.000000	
148	0.000000	0.000000	0.000000	0.000000	0.000000	0.000000	0.000000	0.000000	0.000000	0.000000	
149	0.000000	0.000000	0.000000	0.000000	0.000000	0.000000	0.000000	0.000000	0.000000	0.000000	
150	0.000000	0.000000	0.000000	0.000000	0.000000	0.000000	0.000000	0.000000	0.000000	0.000000	
151	0.000000	0.000000	0.000000	0.000000	0.000000	0.000000	0.000000	0.000000	0.000000	0.000000	
152	0.000000	0.000000	0.000000	0.000000	0.000000	0.000000	0.000000	0.000000	0.000000	0.000000	
153	0.000000	0.000000	0.000000	0.000000	0.000000	0.000000	0.000000	0.000000	0.000000	0.000000	
154	0.000000	0.000000	0.000000	0.000000	0.000000	0.000000	0.000000	0.000000	0.000000	0.000000	
155	0.000000	0.000000	0.000000	0.000000	0.000000	0.000000	0.000000	0.000000	0.000000	0.000000	
156	0.000000	0.000000	0.000000	0.000000	0.000000	0.000000	0.000000	0.000000	0.000000	0.000000	
157	0.000000	0.000000	0.000000	0.000000	0.000000	0.000000	0.000000	0.000000	0.000000	0.000000	
158	0.000000	0.000000	0.000000	0.000000	0.000000	0.000000	0.000000	0.000000	0.000000	0.000000	
159	0.000000	0.000000	0.000000	0.000000	0.000000	0.000000	0.000000	0.000000	0.000000	0.000000	
160	0.000000	0.000000	0.000000	0.000000	0.000000	0.000000	0.000000	0.000000	0.000000	0.000000	
161	0.000000	0.000000	0.000000	0.000000	0.000000	0.000000	0.000000	0.000000	0.000000	0.000000	
162	0.000000	0.000000	0.000000	0.000000	0.000000	0.000000	0.000000	0.000000	0.000000	0.000000	
163	0.000000	0.000000	0.000000	0.000000	0.000000	0.000000	0.000000	0.000000	0.000000	0.000000	
164	0.000000	0.000000	0.000000	0.000000	0.000000	0.000000	0.000000	0.000000	0.000000	0.000000	
165	0.000000	0.000000	0.000000	0.000000	0.000000	0.000000	0.000000	0.000000	0.000000	0.000000	
166	0.000000	0.000000	0.000000	0.000000	0.000000	0.000000	0.000000	0.000000	0.000000	0.000000	
167	0.000000	0.000000	0.000000	0.000000	0.000000	0.000000	0.000000	0.000000	0.000000	0.000000	
168	0.000000	0.000000	0.000000	0.000000	0.000000	0.000000	0.000000	0.000000	0.000000	0.000000	
169	0.000000	0.000000	0.000000	0.000000	0.000000	0.000000	0.000000	0.000000	0.000000	0.000000	
170	0.000000	0.000000	0.000000	0.000000	0.000000	0.000000	0.000000	0.000000	0.000000	0.000000	
171	0.000000	0.000000	0.000000	0.000000	0.000000	0.000000	0.000000	0.000000	0.000000	0.000000	
172	0.000000	0.000000	0.000000	0.000000	0.000000	0.000000	0.000000	0.000000	0.000000	0.000000	
173	0.000000	0.000000	0.000000	0.000000	0.000000	0.000000	0.000000	0.000000	0.000000	0.000000	
174	0.000000	0.000000	0.000000	0.000000	0.000000	0.000000	0.000000	0.000000	0.000000	0.000000	
175	0.000000	0.000000	0.000000	0.000000	0.000000	0.000000	0.000000	0.000000	0.000000	0.000000	
176	0.000000	0.000000	0.000000	0.000000	0.000000	0.000000	0.000000	0.000000	0.000000	0.000000	
177	0.000000	0.000000	0.000000	0.000000	0.000000	0.000000	0.000000	0.000000	0.000000	0.000000	
178	0.000000	0.000000	0.000000	0.000000	0.000000	0.000000	0.000000	0.000000	0.000000	0.000000	
179	0.000000	0.000000	0.000000	0.000000	0.000000	0.000000	0.000000	0.000000	0.000000	0.000000	
180	0.000000	0.000000	0.000000	0.000000	0.000000	0.000000	0.000000	0.000000	0.000000	0.000000	
181	0.000000	0.000000	0.000000	0.000000	0.000000	0.000000	0.000000	0.000000	0.000000	0.000000	
182	0.000000	0.000000	0.000000	0.000000	0.000000	0.000000	0.000000	0.000000	0.000000	0.000000	
183	0.000000	0.000000	0.000000	0.000000	0.000000	0.000000	0.000000	0.000000	0.000000	0.000000	
184	0.000000	0.000000	0.000000	0.000000	0.000000	0.000000	0.000000	0.000000	0.000000	0.000000	
185	0.000000	0.000000	0.000000	0.000000	0.000000	0.000000	0.000000	0.000000	0.000000	0.000000	
186	0.000000	0.000000	0.000000	0.000000	0.000000	0.000000	0.000000	0.000000	0.000000	0.000000	
187	0.000000	0.000000	0.000000	0.000000	0.000000	0.000000	0.000000	0.000000	0.000000	0.000000	
188	0.000000	0.000000	0.000000	0.000000	0.000000	0.000000	0.000000	0.000000	0.000000	0.000000	
189	0.000000	0.000000	0.000000	0.000000	0.000000	0.000000	0.000000	0.000000	0.000000	0.000000	
190	0.000000	0.000000	0.000000	0.000000	0.000000	0.000000	0.000000	0.000000	0.000000	0.000000	
191	0.000000	0.000000	0.000000	0.000000	0.000000	0.000000	0.000000	0.000000	0.000000	0.000000	
192	0.000000	0.000000	0.000000	0.000000	0.000000	0.000000	0.000000	0.000000	0.000000	0.000000	
193	0.000000	0.000000	0.000000	0.000000	0.000000	0.000000	0.000000	0.000000	0.000000	0.000000	
194	0.000000	0.000000	0.000000	0.000000	0.000000	0.000000	0.000000	0.000000	0.000000	0.000000	
195	0.000000	0.000000	0.000000	0.000000	0.000000	0.000000	0.000000	0.000000	0.000000	0.000000	
196	0.000000	0.000000	0.000000	0.000000	0.000000	0.000000	0.000000	0.000000	0.000000	0.000000	
197	0.000000	0.000000	0.000000	0.000000	0.000000	0.000000	0.000000	0.000000	0.000000	0.000000	
198	0.000000	0.000000	0.000000	0.000000	0.000000	0.000000	0.000000	0.000000	0.000000	0.000000	
199	0.000000	0.000000	0.000000	0.000000	0.000000	0.000000	0.000000	0.000000	0.000000	0.000000	
200	0.000000	0.000000	0.000000	0.000000	0.000000	0.000000	0.000000	0.000000	0.000000	0.000000	
201	0.000000	0.000000	0.000000	0.000000	0.000000	0.000000	0.000000	0.000000	0.000000	0.000000	
202	0.000000	0.000000	0.000000	0.000000	0.000000	0.000000	0.000000	0.000000	0.000000	0.000000	
203	0.000000	0.000000	0.000000	0.000000	0.000000	0.000000	0.000000	0.000000	0.000000	0.000000	
204	0.000000	0.000000	0.000000	0.000000	0.000000	0.000000	0.000000	0.000000	0.000000	0.000000	
205	0.000000	0.000000	0.000000	0.000000	0.000000	0.000000	0.000000	0.000000	0.000000	0.000000	
206	0.000000	0.000000	0.000000	0.000000	0.000000	0.000000	0.000000	0.000000	0.000000	0.000000	
207	0.000000	0.000000	0.000000	0.000000	0.000000	0.000000	0.000000	0.000000	0.000000	0.000000	
208	0.000000	0.000000	0.000000	0.000000	0.000000	0.000000	0.000000	0.000000	0.000000	0.000000	
209	0.000000	0.000000	0.000000	0.000000	0.000000	0.000000	0.000000	0.000000	0.000000	0.000000	
210	0.000000	0.000000	0.000000	0.000000	0.000000	0.000000	0.000000	0.000000	0.000000	0.000000	
